-1001300027599
-1001325488699
-1001320804136
-1001552296979
-1001298504199
-1001434792768
-1001478277738
-1001350709511
-1001348664765
-1001325488699
-1001413266002-1001342964144
1908529687
1346089224
1931358418
1317173146
1112662217
1922266183
1602123916
673567513
1877608683
599658382
1303547152
1205985695
1642032912
1618481105
1830374158
684213019
1916433544
1567719582
1825712547
1296134855
1405961959
1856628113
1729718320
592753215
1911262138
1811164360
933092896
1443407107
863029330
1087968824
927206734
1748369508
1857253419
1320528630
1699480437
877276475
1318047168
889697674
821578690
1597096363
782655794
1108978366
1815553743
1615174877
1839853188
625894108
753422014
1901517337
1199817851
1081098845
638618379
1717914483
1887829116
1813577093
1085088538
786555393
1598249542
1466723740
1123228438
835386528
1654017227
672966268
1612457408
1004727339
1825943037
1704928117
1084933136
1959153755
647622349
1241107233
1352485143
1281390840
1416261883
1635150223
824522997
972427410
443495584
1201978463
688903979
1231868682
1278436152
1917391653
1392690614
1040718315
1908753471
1147016407
1705595404
1754344750
1834562270
1832932654
1425316512
862219843
1267021631
886471150
393360171
1874512008
1125458469
1791787006
1221456987
1440821116
1885574689
1969815151
1771802098
1103642967
1743981621
955836657
228112311
1784271368
1454811157
1925285346
370215655
1882716199
1892104363
1032434373
1004626710
1874096148
1171551981
1339408001
1520897687
1707111736
1869651006
1625533465
1315454765
782830877
801522019
1898089290
1745629507
922469609
1826991388
1710641688
1105970360
942978357
1272217335
859613547
1769185621
1448027858
809315623
866315220
880900703
794702850
1377852601
1874602258
1853013248
1281388279
1627930858
1706184253
1132415639
1865235786
1581426516
1240473669
1655858480
1155167277
806938310
715965440
1590880182
737562835
1630470644
1585418466
208089721
1392280345
1652322399
1361024173
850505787
1709044852
1426837612
1326430016
878216403
1158542323
1624316607
1205491477
838629256
970636242
1464797371
1854268833
1453609681
1485469533
1790082798
1920441990
645915511
1401828756
1888202530
1475423218
859046625
1948559841
1314404938
1738360280
1769403955
757746803
1325387859
1086672463
93393546
1948877279
1469146206
1193165997
1246949677
1925740106
855259075
1843275608
1778834642
1140184669
1321870610
482396811
992240887
1464351093
1268286365
1381388341
1088402218
1732811912
1854221552
1761805545
1069841048
1252279927
1302207964
1890663481
1194923361
1553761905
831451754
1141759168
1608414028
1842646871
1519271879
865303308
1954872479
1665174998
1866203082
1841219390
1877521072
550974163
1394844388
458139634
1062682411
1586733145
753105321
1111658621
1189387378
1906874540
1928945416
1946117232
1820793523
1078956085
1783803920
968723850
932286659
926876933
1736177889
945726326
1171386175
764982739
854755367
1573638568
1231622624
782520712
1238540839
1142568805
1861706299
907647332
884264336
1267211678
1384974648
1480880747
926381261
1207672449
1916724876
1482835566
1770454885
1088267484
1548823505
1008664780
1117520370
1675156242
1941083331
1831547145
361056443
1282811970
1722197796
1835670089
1789537486
1610025455
950001649
1615924266
1754856877
1752885577
1689096649
1495889157
1986426096
1736532465
1546072066
1078076953
730846296
1846989637
1575396659
1640406587
1787308418
1777007582
1032995082
1796576277
1053842599
809456170
903673228
1622279208
759997427
1989117779
1123445738
1489873608
1875818243
1913655294
1776877607
1505551998
1934140622
1337338305
739761575
486477496
868960953
816587090
1125531028
768031759
1843420050
1120377714
1251315066
1883974574
1900594441
1908894153
1852160125
1617521819
1735268714
1261810877
1776879545
1449744399
1476883846
1723073072
572627245
1442145214
1491413987
1461459851
1150046784
814304603
1096596644
1690299708
763845264
1823568847
1502555240
1446572228
1634513430
1721651542
1615646034
1047171445
1334580596
1854777026
518966384
1243967415
1837262258
1134143540
1992853018
1944715755
1650751589
1360987397
1158571402
1485199681
1160615379
1776001413
1746655612
1477785781
1368386841
1781390545
308876674
1535471645
1586233941
1294760791
1415020703
1770360040
747786080
1088566203
1458950409
498575733
1281169277
1795889952
1709078408
1277038125
1757371895
1907796885
1878953167
1069239633
1007869505
1717535930
1560902134
912758350
1509293532
1697713225
1185386296
1477233573
793988238
728686101
1590176188
820674191
895339288
1072411846
1515975662
1472773684
1481723632
1413183386
1724245809
1785032544
1284128144
1339751930
1018581985
799623718
1216957552
1546240590
1288872728
1353721870
1463030118
680485584
585145887
690571049
850368094
1364097496
1219906650
1866950751
694464048
1910673652
1497259975
1944735980
1932045291
1530175334
1404934442
1083249090
602788027
1748389920
1885754748
1759071179
1719531128
1177586331
853402361
853248419
1824956249
1322150134
1217667269
1213488272
1197022675
1847290429
1272160688
1916178520
796394153
1642333897
1581989422
1371591557
891831291
332004951
1792868718
1244798351
1783730975
1192619163
864523996
1351745415
1136719411
1163601216
1986724319
1583229210
1371007926
1208919275
1063566007
1610022540
1146756432
1554575393
747671985
1741605154
1725718509
902490353
733196314
1100681070
1958721997
1751906704
1278298622
1752262621
1344311905
690224617
1121608207
1826538390
1509051976
1831846616
981997879
1845011109
1807799811
1668436313
773768705
1223152271
1893116822
1425540240
1645884905
1120667172
1602392767
1279055541
1740668479
1871646822
1973816995
482796770
1071569310
873651683
1583264649
1053304566
862097066
1424340921
1419782296
1897996653
1643392044
1826362271
503279903
792107536
1255778496
1861053092
1264277694
1271695234
1562621990
1359429686
1230174862
1858742638
1244927591
1749428139
1424595157
1699227126
804918141
1489530362
1416410338
1732725943
319500632
1133306045
1935856553
1737758636
919111541
1094737522
1458635146
882641721
1910310311
1392951606
1552057960
1691294873
918296039
362709602
1728510406
1791828727
1732261324
605019954
1024919621
1352888015
1142197555
1872282007
1911064305
1212404595
926165594
1787813935
1850914298
1251674532
1404556527
1520677409
1832199726
1712217280
812863700
1342401362
1504006651
1561187412
628820376
511440299
1133736688
1411543263
1960471127
1465846488
738612423
1603065056
1026876863
1170241995
1723299884
1935420093
899143899
1217738167
1520968669
1391565166
1767396893
937100514
614312265
1806092085
1833626644
1788881122
1311333878
1423460528
1577223069
1849047603
1875619538
824404709
1813620069
1270669797
1599589561
954390457
936011234
1378345525
1453982978
1972515487
1624845582
432122414
1041191675
1751878375
1385732978
1276541832
1711263832
1501201643
1987414697
1617193231
774950710
1411447068
846698050
818671303
1178228755
1776886381
1638687215
1805443977
1636585499
1932501277
723246427
1543553955
1172381267
1891688153
1007846068
1939272048
1737389717
1376298004
1197378548
893910672
1845543338
780885102
1286311163
1675335100
756372535
1672431958
518387479
1893821682
1197042214
1561991881
1252985782
1112824002
1580744963
1107005685
1331595433
1175435972
646056807
1574140371
1771451979
787028780
1422362455
1412472913
1417540317
769346442
1728032656
1365891185
1761322317
865386160
1881264439
1986869259
1740386813
1190394539
1261271711
1408245850
1780978687
1256555908
1862356374
1134800497
1618557387
1591794669
962318602
1708106362
1975981891
1859993041
1495068108
1894761596
1925963659
1330891798
1801433683
1057060990
845231060
1875797115
1258200885
1683671872
1143695932
612418499
1472145668
1946950626
1938145553
722479533
763077658
1402145948
340531136
1220055941
973779397
1722115618
1111343333
1559408440
1539053989
1107436343
1103474662
1361565617
1734384666
356847282
1335270970
1007293626
1915483562
1497820963
947197817
1302589018
1830098069
1395132586
1574844802
926674048
1068256093
1530263489
1494461391
1345717699
1869879960
1918842929
1788856187
1829867818
758713927
1154668167
910032770
1673145370
1555386565
1530810375
1826481914
1766620809
1810537935
1822245397
1733784936
1722348046
1957479712
1354942547
88318967
329370326
